[gd_scene load_steps=50 format=3 uid="uid://cy03d57iyrci"]

[ext_resource type="PackedScene" uid="uid://the6y7swe6j0" path="res://addons/godot-xr-tools/hands/animations/left/AnimationPlayer.tscn" id="1"]
[ext_resource type="PackedScene" uid="uid://q1l3fknstir2" path="res://addons/godot-xr-tools/hands/model/Hand_Nails_L.gltf" id="2"]
[ext_resource type="Script" path="res://addons/godot-xr-tools/hands/physics_hand.gd" id="3"]
[ext_resource type="Resource" uid="uid://dertgu7k8alls" path="res://addons/godot-xr-tools/hands/poses/pose_default_left.tres" id="3_fye1l"]
[ext_resource type="Script" path="res://addons/godot-xr-tools/hands/hand_physics_bone.gd" id="4"]
[ext_resource type="Material" uid="uid://dy6nhifvvmm73" path="res://addons/godot-xr-tools/hands/materials/caucasian_hand.tres" id="5"]
[ext_resource type="Animation" uid="uid://dgfeikrugfewi" path="res://addons/godot-xr-tools/hands/animations/left/Cup.res" id="8_uwfpu"]
[ext_resource type="AnimationNodeBlendTree" uid="uid://dl8yf7ipqotd1" path="res://addons/godot-xr-tools/hands/animations/left/hand_blend_tree.tres" id="9"]
[ext_resource type="Animation" uid="uid://dlxa6f6hwurka" path="res://addons/godot-xr-tools/hands/animations/left/Default pose.res" id="9_xqbx6"]
[ext_resource type="Animation" uid="uid://plad1r85f7ws" path="res://addons/godot-xr-tools/hands/animations/left/Grip.res" id="10_n0lop"]
[ext_resource type="Animation" uid="uid://dqa0h82y3qn1t" path="res://addons/godot-xr-tools/hands/animations/left/Grip 1.res" id="11_jmcph"]
[ext_resource type="Animation" uid="uid://di384xtde8ydf" path="res://addons/godot-xr-tools/hands/animations/left/Grip 2.res" id="12_ptwof"]
[ext_resource type="Animation" uid="uid://dd67rufxwj2u" path="res://addons/godot-xr-tools/hands/animations/left/Grip 3.res" id="13_relbx"]
[ext_resource type="Animation" uid="uid://db62hs5s4n2b3" path="res://addons/godot-xr-tools/hands/animations/left/Grip 4.res" id="14_sfl03"]
[ext_resource type="Animation" uid="uid://bediglpx0rj7i" path="res://addons/godot-xr-tools/hands/animations/left/Grip 5.res" id="15_wrn76"]
[ext_resource type="Animation" uid="uid://nq3xh1olqipq" path="res://addons/godot-xr-tools/hands/animations/left/Grip Shaft.res" id="16_nhkl2"]
[ext_resource type="Animation" uid="uid://bi1l6lre2w2lp" path="res://addons/godot-xr-tools/hands/animations/left/Hold.res" id="17_4ggj7"]
[ext_resource type="Animation" uid="uid://c3e6h0rv2uw2d" path="res://addons/godot-xr-tools/hands/animations/left/Horns.res" id="18_dwdew"]
[ext_resource type="Animation" uid="uid://dfekure1r6q13" path="res://addons/godot-xr-tools/hands/animations/left/Metal.res" id="19_8771y"]
[ext_resource type="Animation" uid="uid://b0rhk4r0r0t32" path="res://addons/godot-xr-tools/hands/animations/left/Middle.res" id="20_00dot"]
[ext_resource type="Animation" uid="uid://f5k0gh4qnmv5" path="res://addons/godot-xr-tools/hands/animations/left/OK.res" id="21_hiatl"]
[ext_resource type="Animation" uid="uid://1nlkfvitq7ku" path="res://addons/godot-xr-tools/hands/animations/left/Peace.res" id="22_5pab8"]
[ext_resource type="Animation" uid="uid://dhjb0e334tfwl" path="res://addons/godot-xr-tools/hands/animations/left/Pinch Flat.res" id="23_o01kv"]
[ext_resource type="Animation" uid="uid://dkjsnihi81b7p" path="res://addons/godot-xr-tools/hands/animations/left/Pinch Large.res" id="24_32kcv"]
[ext_resource type="Animation" uid="uid://bn0fdhe2jwq3h" path="res://addons/godot-xr-tools/hands/animations/left/Pinch Middle.res" id="25_adhnm"]
[ext_resource type="Animation" uid="uid://bo1b8w0s4ci81" path="res://addons/godot-xr-tools/hands/animations/left/Pinch Ring.res" id="26_xvu2s"]
[ext_resource type="Animation" uid="uid://m5x2m8x3tcel" path="res://addons/godot-xr-tools/hands/animations/left/Pinch Tight.res" id="27_2qgkj"]
[ext_resource type="Animation" uid="uid://fi23m6i7orhw" path="res://addons/godot-xr-tools/hands/animations/left/Pinch Up.res" id="28_en4mw"]
[ext_resource type="Animation" uid="uid://c8qmcuyaltdnw" path="res://addons/godot-xr-tools/hands/animations/left/PingPong.res" id="29_anfvr"]
[ext_resource type="Animation" uid="uid://bqnoubqq7ogwu" path="res://addons/godot-xr-tools/hands/animations/left/Pinky.res" id="30_l58kt"]
[ext_resource type="Animation" uid="uid://ddbo6ioa282en" path="res://addons/godot-xr-tools/hands/animations/left/Pistol.res" id="31_l4da4"]
[ext_resource type="Animation" uid="uid://brkptjihht3ae" path="res://addons/godot-xr-tools/hands/animations/left/Ring.res" id="32_orsyy"]
[ext_resource type="Animation" uid="uid://cnng6xumhw7cx" path="res://addons/godot-xr-tools/hands/animations/left/Rounded.res" id="33_vedsx"]
[ext_resource type="Animation" uid="uid://cevirj0eagdrq" path="res://addons/godot-xr-tools/hands/animations/left/Sign 1.res" id="34_sypkh"]
[ext_resource type="Animation" uid="uid://cc6phxovf1ban" path="res://addons/godot-xr-tools/hands/animations/left/Sign 2.res" id="35_b1hxi"]
[ext_resource type="Animation" uid="uid://ohthjp8qbcc4" path="res://addons/godot-xr-tools/hands/animations/left/Sign 3.res" id="36_v1xar"]
[ext_resource type="Animation" uid="uid://dmx42g64577g5" path="res://addons/godot-xr-tools/hands/animations/left/Sign 4.res" id="37_dmny8"]
[ext_resource type="Animation" uid="uid://dhsoxntrktx0p" path="res://addons/godot-xr-tools/hands/animations/left/Sign 5.res" id="38_34xnb"]
[ext_resource type="Animation" uid="uid://c0u2a3yc2vhg8" path="res://addons/godot-xr-tools/hands/animations/left/Sign_Point.res" id="39_g7n6o"]
[ext_resource type="Animation" uid="uid://4g211my0hoiw" path="res://addons/godot-xr-tools/hands/animations/left/Straight.res" id="40_or7rt"]
[ext_resource type="Animation" uid="uid://d06l7hygl4qt3" path="res://addons/godot-xr-tools/hands/animations/left/Surfer.res" id="41_cnfvy"]
[ext_resource type="Animation" uid="uid://bxei4oebd4hu3" path="res://addons/godot-xr-tools/hands/animations/left/Thumb.res" id="42_dv513"]

[sub_resource type="AnimationLibrary" id="AnimationLibrary_kw48d"]
_data = {
"Cup": ExtResource("8_uwfpu"),
"Default pose": ExtResource("9_xqbx6"),
"Grip": ExtResource("10_n0lop"),
"Grip 1": ExtResource("11_jmcph"),
"Grip 2": ExtResource("12_ptwof"),
"Grip 3": ExtResource("13_relbx"),
"Grip 4": ExtResource("14_sfl03"),
"Grip 5": ExtResource("15_wrn76"),
"Grip Shaft": ExtResource("16_nhkl2"),
"Hold": ExtResource("17_4ggj7"),
"Horns": ExtResource("18_dwdew"),
"Metal": ExtResource("19_8771y"),
"Middle": ExtResource("20_00dot"),
"OK": ExtResource("21_hiatl"),
"Peace": ExtResource("22_5pab8"),
"Pinch Flat": ExtResource("23_o01kv"),
"Pinch Large": ExtResource("24_32kcv"),
"Pinch Middle": ExtResource("25_adhnm"),
"Pinch Ring": ExtResource("26_xvu2s"),
"Pinch Tight": ExtResource("27_2qgkj"),
"Pinch Up": ExtResource("28_en4mw"),
"PingPong": ExtResource("29_anfvr"),
"Pinky": ExtResource("30_l58kt"),
"Pistol": ExtResource("31_l4da4"),
"Ring": ExtResource("32_orsyy"),
"Rounded": ExtResource("33_vedsx"),
"Sign 1": ExtResource("34_sypkh"),
"Sign 2": ExtResource("35_b1hxi"),
"Sign 3": ExtResource("36_v1xar"),
"Sign 4": ExtResource("37_dmny8"),
"Sign 5": ExtResource("38_34xnb"),
"Sign_Point": ExtResource("39_g7n6o"),
"Straight": ExtResource("40_or7rt"),
"Surfer": ExtResource("41_cnfvy"),
"Thumb": ExtResource("42_dv513")
}

[sub_resource type="AnimationNodeAnimation" id="AnimationNodeAnimation_y0sj1"]
animation = &"Grip"

[sub_resource type="AnimationNodeAnimation" id="AnimationNodeAnimation_lytsg"]
animation = &"Grip"

[sub_resource type="AnimationNodeBlend2" id="AnimationNodeBlend2_745uj"]
filter_enabled = true
filters = ["Armature/Skeleton3D:Little_Distal_L", "Armature/Skeleton3D:Little_Intermediate_L", "Armature/Skeleton3D:Little_Metacarpal_L", "Armature/Skeleton3D:Little_Proximal_L", "Armature/Skeleton3D:Middle_Distal_L", "Armature/Skeleton3D:Middle_Intermediate_L", "Armature/Skeleton3D:Middle_Metacarpal_L", "Armature/Skeleton3D:Middle_Proximal_L", "Armature/Skeleton3D:Ring_Distal_L", "Armature/Skeleton3D:Ring_Intermediate_L", "Armature/Skeleton3D:Ring_Metacarpal_L", "Armature/Skeleton3D:Ring_Proximal_L", "Armature/Skeleton3D:Thumb_Distal_L", "Armature/Skeleton3D:Thumb_Metacarpal_L", "Armature/Skeleton3D:Thumb_Proximal_L", "Armature/Skeleton:Little_Distal_L", "Armature/Skeleton:Little_Intermediate_L", "Armature/Skeleton:Little_Proximal_L", "Armature/Skeleton:Middle_Distal_L", "Armature/Skeleton:Middle_Intermediate_L", "Armature/Skeleton:Middle_Proximal_L", "Armature/Skeleton:Ring_Distal_L", "Armature/Skeleton:Ring_Intermediate_L", "Armature/Skeleton:Ring_Proximal_L", "Armature/Skeleton:Thumb_Distal_L", "Armature/Skeleton:Thumb_Proximal_L"]

[sub_resource type="AnimationNodeAnimation" id="AnimationNodeAnimation_yq122"]
animation = &"Grip 5"

[sub_resource type="AnimationNodeBlend2" id="AnimationNodeBlend2_xh8lu"]
filter_enabled = true
filters = ["Armature/Skeleton3D:Index_Distal_L", "Armature/Skeleton3D:Index_Intermediate_L", "Armature/Skeleton3D:Index_Metacarpal_L", "Armature/Skeleton3D:Index_Proximal_L", "Armature/Skeleton:Index_Distal_L", "Armature/Skeleton:Index_Intermediate_L", "Armature/Skeleton:Index_Proximal_L"]

[sub_resource type="AnimationNodeBlendTree" id="AnimationNodeBlendTree_hg37m"]
graph_offset = Vector2(-536, 11)
nodes/ClosedHand1/node = SubResource("AnimationNodeAnimation_y0sj1")
nodes/ClosedHand1/position = Vector2(-600, 300)
nodes/ClosedHand2/node = SubResource("AnimationNodeAnimation_lytsg")
nodes/ClosedHand2/position = Vector2(-360, 300)
nodes/Grip/node = SubResource("AnimationNodeBlend2_745uj")
nodes/Grip/position = Vector2(0, 20)
nodes/OpenHand/node = SubResource("AnimationNodeAnimation_yq122")
nodes/OpenHand/position = Vector2(-600, 100)
nodes/Trigger/node = SubResource("AnimationNodeBlend2_xh8lu")
nodes/Trigger/position = Vector2(-360, 20)
node_connections = [&"Grip", 0, &"Trigger", &"Grip", 1, &"ClosedHand2", &"Trigger", 0, &"OpenHand", &"Trigger", 1, &"ClosedHand1", &"output", 0, &"Grip"]

[node name="LeftPhysicsHand" type="Node3D"]
script = ExtResource("3")
bone_group = "LeftHand"
hand_blend_tree = ExtResource("9")
default_pose = ExtResource("3_fye1l")

[node name="Hand_Nails_L" parent="." instance=ExtResource("2")]
transform = Transform3D(1, 0, 0, 0, 1, 0, 0, 0, 1, -0.03, -0.05, 0.15)

[node name="Skeleton3D" parent="Hand_Nails_L/Armature" index="0"]
bones/1/rotation = Quaternion(0.323537, -2.56577e-05, -0.0272204, 0.945824)
bones/2/rotation = Quaternion(-0.0904441, -0.0415175, -0.166293, 0.981042)
bones/3/rotation = Quaternion(-0.0466199, 0.020971, 0.0103276, 0.998639)
bones/5/rotation = Quaternion(-0.00128455, -0.0116081, -0.0168259, 0.99979)
bones/6/rotation = Quaternion(0.102925, -0.00993208, -0.00794417, 0.994608)
bones/7/rotation = Quaternion(-0.012859, -0.0236108, -0.323258, 0.945929)
bones/8/rotation = Quaternion(0.0120575, -0.00929194, -0.247472, 0.968775)
bones/10/rotation = Quaternion(-0.0357539, -0.000400032, 0.00636764, 0.99934)
bones/11/rotation = Quaternion(-0.00264964, -0.00114471, -0.125992, 0.992027)
bones/12/rotation = Quaternion(0.0394225, 0.00193393, -0.228074, 0.972843)
bones/13/rotation = Quaternion(-0.0123395, -0.00881294, -0.280669, 0.959685)
bones/15/rotation = Quaternion(-0.0702656, 0.0101908, -0.0243307, 0.99718)
bones/16/rotation = Quaternion(-0.0320634, -0.00223624, -0.0686366, 0.997124)
bones/17/rotation = Quaternion(0.0253452, 0.00812462, -0.249005, 0.968136)
bones/18/rotation = Quaternion(0.00252232, 0.00788073, -0.243204, 0.96994)
bones/20/rotation = Quaternion(-0.0917369, 0.0203027, -0.010183, 0.995524)
bones/21/rotation = Quaternion(-0.0625182, -0.00022572, -0.115393, 0.991351)
bones/22/rotation = Quaternion(0.0585786, 0.0216483, -0.269905, 0.96086)
bones/23/rotation = Quaternion(0.00687177, -0.00357275, -0.211953, 0.977249)

[node name="mesh_Hand_Nails_L" parent="Hand_Nails_L/Armature/Skeleton3D" index="0"]
surface_material_override/0 = ExtResource("5")

[node name="BoneRoot" type="BoneAttachment3D" parent="Hand_Nails_L/Armature/Skeleton3D" index="1"]
transform = Transform3D(1, -1.83077e-05, 1.52659e-08, 1.52668e-08, 0.00166774, 0.999999, -1.83077e-05, -0.999999, 0.00166774, 3.86425e-08, -1.86975e-05, 0.0271756)
bone_name = "Wrist_L"
bone_idx = 0
script = ExtResource("4")
width_ratio = 0.8

[node name="BoneThumbMetacarpal" type="BoneAttachment3D" parent="Hand_Nails_L/Armature/Skeleton3D" index="2"]
transform = Transform3D(0.998519, 0.0514604, -0.0176509, -0.0176509, 0.613334, 0.789626, 0.0514604, -0.788145, 0.613334, 0.00999954, 0.0200266, 3.59323e-05)
bone_name = "Thumb_Metacarpal_L"
bone_idx = 1
script = ExtResource("4")
length = 0.05

[node name="BoneThumbProximal" type="BoneAttachment3D" parent="Hand_Nails_L/Armature/Skeleton3D" index="3"]
transform = Transform3D(0.921479, 0.383957, -0.0587629, -0.124051, 0.434264, 0.892203, 0.368086, -0.814857, 0.447796, 0.012311, 0.0475754, -0.0353648)
bone_name = "Thumb_Proximal_L"
bone_idx = 2
script = ExtResource("4")

[node name="BoneThumbDistal" type="BoneAttachment3D" parent="Hand_Nails_L/Armature/Skeleton3D" index="4"]
transform = Transform3D(0.930159, 0.366843, 0.0151707, -0.154036, 0.352396, 0.923087, 0.333282, -0.860954, 0.384292, 0.0284939, 0.0658787, -0.0697092)
bone_name = "Thumb_Distal_L"
bone_idx = 3
script = ExtResource("4")
length = 0.02

[node name="BoneIndexMetacarpal" type="BoneAttachment3D" parent="Hand_Nails_L/Armature/Skeleton3D" index="5"]
transform = Transform3D(0.999165, 0.0336563, -0.0231681, 0.0231985, -0.000511136, 0.999731, 0.0336354, -0.999433, -0.00129148, -0.0100005, 0.0224317, 3.59286e-05)
bone_name = "Index_Metacarpal_L"
bone_idx = 5
script = ExtResource("4")
length = 0.08
width_ratio = 0.2

[node name="BoneIndexProximal" type="BoneAttachment3D" parent="Hand_Nails_L/Armature/Skeleton3D" index="6"]
transform = Transform3D(0.997821, 0.0419385, -0.0509327, 0.041317, 0.204662, 0.97796, 0.0514381, -0.977934, 0.202483, -0.00729559, 0.0223907, -0.0802861)
bone_name = "Index_Proximal_L"
bone_idx = 6
script = ExtResource("4")

[node name="BoneIndexMiddle" type="BoneAttachment3D" parent="Hand_Nails_L/Armature/Skeleton3D" index="7"]
transform = Transform3D(0.759852, 0.644453, -0.0854741, -0.040588, 0.178251, 0.983147, 0.648828, -0.743577, 0.161602, -0.00569704, 0.0301916, -0.117561)
bone_name = "Index_Intermediate_L"
bone_idx = 7
script = ExtResource("4")
length = 0.025
bone_group = "IndexFinger"

[node name="BoneIndexDistal" type="BoneAttachment3D" parent="Hand_Nails_L/Armature/Skeleton3D" index="8"]
transform = Transform3D(0.356468, 0.927111, -0.115741, -0.109286, 0.164404, 0.98032, 0.927894, -0.336804, 0.159925, 0.0145038, 0.035779, -0.140869)
bone_name = "Index_Distal_L"
bone_idx = 8
script = ExtResource("4")
length = 0.02
bone_group = "IndexFinger"

[node name="BoneMiddleMetacarpal" type="BoneAttachment3D" parent="Hand_Nails_L/Armature/Skeleton3D" index="9"]
transform = Transform3D(0.999918, -0.0127165, -0.00125617, 0.000365488, -0.0698023, 0.997561, -0.0127732, -0.99748, -0.069792, -0.0100005, 0.00355416, 3.59286e-05)
bone_name = "Middle_Metacarpal_L"
bone_idx = 10
script = ExtResource("4")
length = 0.08
width_ratio = 0.2

[node name="BoneMiddleProximal" type="BoneAttachment3D" parent="Hand_Nails_L/Armature/Skeleton3D" index="10"]
transform = Transform3D(0.971345, 0.237654, -0.00293003, 0.020734, -0.0724503, 0.997156, 0.236766, -0.968644, -0.0753018, -0.0110237, -0.00206236, -0.0802245)
bone_name = "Middle_Proximal_L"
bone_idx = 11
script = ExtResource("4")

[node name="BoneMiddleMiddle" type="BoneAttachment3D" parent="Hand_Nails_L/Armature/Skeleton3D" index="11"]
transform = Transform3D(0.764922, 0.643162, -0.0351718, 0.0290328, 0.0201225, 0.999376, 0.643468, -0.765466, -0.00328068, -0.000328436, -0.00532287, -0.123817)
bone_name = "Middle_Intermediate_L"
bone_idx = 12
script = ExtResource("4")
length = 0.025

[node name="BoneMiddleDistal" type="BoneAttachment3D" parent="Hand_Nails_L/Armature/Skeleton3D" index="12"]
transform = Transform3D(0.297115, 0.954531, -0.0243817, 0.0374455, 0.0138672, 0.999202, 0.954107, -0.297791, -0.0316227, 0.0205208, -0.00467056, -0.148631)
bone_name = "Middle_Distal_L"
bone_idx = 13
script = ExtResource("4")
length = 0.02

[node name="BoneRingMetacarpal" type="BoneAttachment3D" parent="Hand_Nails_L/Armature/Skeleton3D" index="13"]
transform = Transform3D(0.998609, 0.0470739, 0.0237408, -0.0169882, -0.138981, 0.990149, 0.0499097, -0.989175, -0.137988, -0.0100005, -0.0130734, 3.59304e-05)
bone_name = "Ring_Metacarpal_L"
bone_idx = 15
script = ExtResource("4")
length = 0.07
width_ratio = 0.2

[node name="BoneRingProximal" type="BoneAttachment3D" parent="Hand_Nails_L/Armature/Skeleton3D" index="14"]
transform = Transform3D(0.982964, 0.181854, 0.0266581, 0.0109494, -0.202722, 0.979175, 0.183471, -0.962202, -0.20126, -0.00651963, -0.0233502, -0.0731075)
bone_name = "Ring_Proximal_L"
bone_idx = 16
script = ExtResource("4")
length = 0.028

[node name="BoneRingMiddle" type="BoneAttachment3D" parent="Hand_Nails_L/Armature/Skeleton3D" index="15"]
transform = Transform3D(0.772579, 0.634602, 0.0200163, 0.0794843, -0.127948, 0.988591, 0.629923, -0.762174, -0.149291, 0.000778387, -0.0314857, -0.111722)
bone_name = "Ring_Intermediate_L"
bone_idx = 17
script = ExtResource("4")
length = 0.025

[node name="BoneRingDistal" type="BoneAttachment3D" parent="Hand_Nails_L/Armature/Skeleton3D" index="16"]
transform = Transform3D(0.381388, 0.924068, 0.025339, 0.114105, -0.0742599, 0.990689, 0.917346, -0.374946, -0.133762, 0.0184188, -0.0350424, -0.132908)
bone_name = "Ring_Distal_L"
bone_idx = 18
script = ExtResource("4")
length = 0.02

[node name="BonePinkyMetacarpal" type="BoneAttachment3D" parent="Hand_Nails_L/Armature/Skeleton3D" index="17"]
transform = Transform3D(0.998969, 0.0165318, 0.0422887, -0.0385953, -0.181427, 0.982647, 0.0239172, -0.983265, -0.180601, -4.58211e-07, -0.0299734, 3.59304e-05)
bone_name = "Little_Metacarpal_L"
bone_idx = 20
script = ExtResource("4")
length = 0.07
width_ratio = 0.18

[node name="BonePinkyProximal" type="BoneAttachment3D" parent="Hand_Nails_L/Armature/Skeleton3D" index="18"]
transform = Transform3D(0.969212, 0.239305, 0.0579745, 0.0185536, -0.305761, 0.951928, 0.245527, -0.921544, -0.300787, 0.00108587, -0.0418952, -0.0645756)
bone_name = "Little_Proximal_L"
bone_idx = 21
script = ExtResource("4")
length = 0.02

[node name="BonePinkyMiddle" type="BoneAttachment3D" parent="Hand_Nails_L/Armature/Skeleton3D" index="19"]
transform = Transform3D(0.699331, 0.713815, 0.0374603, 0.103947, -0.153407, 0.982681, 0.707199, -0.683325, -0.181481, 0.00901248, -0.0520231, -0.0951004)
bone_name = "Little_Intermediate_L"
bone_idx = 22
script = ExtResource("4")
length = 0.015

[node name="BonePinkyDistal" type="BoneAttachment3D" parent="Hand_Nails_L/Armature/Skeleton3D" index="20"]
transform = Transform3D(0.34089, 0.939844, 0.0220292, 0.162162, -0.081867, 0.983362, 0.926011, -0.331646, -0.180315, 0.0218786, -0.0547881, -0.107417)
bone_name = "Little_Distal_L"
bone_idx = 23
script = ExtResource("4")
length = 0.015

[node name="AnimationPlayer" parent="Hand_Nails_L" instance=ExtResource("1")]

[node name="AnimationTree" type="AnimationTree" parent="."]
root_node = NodePath("../Hand_Nails_L")
libraries = {
"": SubResource("AnimationLibrary_kw48d")
}
tree_root = SubResource("AnimationNodeBlendTree_hg37m")
anim_player = NodePath("../Hand_Nails_L/AnimationPlayer")
parameters/Grip/blend_amount = 0.0
parameters/Trigger/blend_amount = 0.0

[editable path="Hand_Nails_L"]
